4 1 1 10  5000000
1 4 1 10  10000000
1 2 1 12  15000000
1 1 1 13  20000000
1 4 1 10  25000000
1 4 1 10  30000000
1 4 2 9  35000000
1 3 1 11  40000000
1 2 1 12  45000000
1 1 2 12  50000000
1 4 1 10  55000000
1 4 1 10  60000000
1 4 1 10  65000000
1 4 1 10  70000000
1 5 1 9  75000000
1 5 2 8  80000000
1 6 4 5  85000000
1 5 3 7  90000000
2 5 1 8  95000000
5 1 2 8  100000000
1 2 5 8  105000000
3 3 1 9  110000000
2 3 2 9  115000000
4 3 1 8  120000000
1 1 1 13  125000000
1 1 1 13  130000000
1 3 1 11  135000000
1 3 1 11  140000000
1 3 1 11  145000000
1 1 1 13  150000000
1 2 1 12  155000000
1 3 2 10  160000000
1 5 3 7  165000000
1 3 4 8  170000000
1 3 4 8  175000000
1 4 3 8  180000000
2 1 3 10  185000000
1 4 1 10  190000000
1 3 4 8  195000000
1 3 4 8  200000000
1 5 3 7  205000000
1 6 1 8  210000000
1 1 4 10  215000000
1 2 5 8  220000000
1 3 2 10  225000000
1 3 2 10  230000000
1 1 1 13  235000000
1 4 2 9  240000000
4 4 1 7  245000000
9 1 2 4  250000000
8 2 1 5  255000000
8 3 1 4  260000000
8 2 2 4  265000000
10 1 1 4  270000000
10 2 1 3  275000000
10 3 1 2  280000000
10 1 1 4  285000000
8 1 1 6  290000000
8 3 1 4  295000000
9 3 1 3  300000000
8 1 1 6  305000000
8 1 2 5  310000000
1 6 1 8  315000000
9 5 1 1  320000000
7 3 1 5  325000000
5 1 1 9  330000000
5 1 1 9  335000000
1 4 1 10  340000000
1 3 2 10  345000000
4 1 1 10  350000000
4 1 1 10  355000000
1 4 1 10  360000000
1 3 1 11  365000000
7 1 1 7  370000000
7 3 1 5  375000000
9 1 1 5  380000000
6 4 1 5  385000000
8 4 1 3  390000000
8 3 1 4  395000000
9 1 2 4  400000000
8 4 1 3  405000000
9 4 1 2  410000000
9 1 2 4  415000000
9 3 1 3  420000000
9 4 1 2  425000000
9 1 1 5  430000000
9 1 1 5  435000000
9 5 1 1  440000000
8 4 2 2  445000000
8 4 1 3  450000000
9 2 1 4  455000000
7 5 1 3  460000000
6 5 1 4  465000000
7 1 2 6  470000000
9 5 1 1  475000000
9 5 1 1  480000000
9 1 2 4  485000000
8 4 1 3  490000000
9 4 1 2  495000000
9 1 2 4  500000000
9 5 1 1  505000000
8 4 1 3  510000000
9 1 1 5  515000000
9 4 2 1  520000000
9 1 1 5  525000000
9 1 2 4  530000000
9 3 1 3  535000000
9 3 1 3  540000000
8 1 1 6  545000000
